Client 0: [ 17  90  10  61 115   0 115   0   0   0   0   0   0  10   0] | [ 17  90  10  61 115   0 115   0   0   0   0   0   0  10   0]
Client 1: [ 97   5   7  51  96   0 103   0   0   0   0   0   0  35   0] | [ 97   5   7  51  96   0 102   0   1   0   0   0   0  35   0]
Client 2: [114  58  23 146  11   0   0   5  31   0   0   0   0   0  13] | [114  58  23 146  11   0   0   5  31   0   0   0   0   0  13]
Client 3: [30 82 93  8 45  0  7  0  0  0  0  0  0 16  0] | [29 81 93  8 45  1  7  0  0  0  0  0  0 16  1]
Client 4: [ 17 166  24  31  18   0   0  30  30   0   0   0   0   0  55] | [ 17 163  24  31  18   0   0  30  32   1   0   0   0   0  55]
Client 5: [46 40 42 43 44 44 40  0 42 42 46 40 41 40 48] | [47 41 40 43 44 44 41  1 42 41 45 41 41 40 47]
Client 6: [ 0 14 22 22 30  0 12  0  0  0  0  0  0 23  0] | [ 0 14 22 21 29  0 12  0  1  0  0  1  0 23  0]
Client 7: [ 23  47  15 279  30   0   0  34  24   0   0   0   0   0  75] | [ 21  48  16 273  30   2   0  35  25   0   2   0   0   2  73]
Client 8: [  5   0  51  21 168   0  44   0   0   0   0   0   0  19   0] | [  7   1  50  20 163   0  44   1   0   0   1   1   1  19   0]
Client 9: [ 31  29  40 132  26   0   0  16  81   0   0   0   0   0  72] | [ 31  28  40 128  26   1   1  16  78   1   1   1   2   1  72]
Client 10: [140  64 251  31   0 109   0   0  54  84  15 170 114   0  41] | [142  64 244  33   2 108   0   5  54  86  16 168 107   4  40]
Client 11: [ 11  66  46 124  59  74  74  24   6  32  24  67   0   0   0] | [ 14  66  48 121  60  72  72  26   6  31  23  63   1   2   2]
Client 12: [180  30  14  49   0 288   0   0   8  66  97  13  48   0  27] | [175  30  16  52   0 284   2   6  10  62  93  13  50   0  27]
Client 13: [188   0 174 200   0 115   0   0  33 243  69  54  26   0   5] | [185   3 168 191   1 120   4   4  34 231  70  57  29   3   7]
Client 14: [ 73 133  10  40  18   0  48   0   0   0   0   0   0  48   0] | [ 71 128  10  39  20   0  44   2   2   5   1   0   0  47   1]
Client 15: [ 16   5 185  18  24   0  25   0   0   0   0   0   0  10   0] | [ 15   5 178  17  23   0  27   1   2   0   0   0   2  12   1]
Client 16: [319   8 188  54   0 131   0   0 113 129  77  59  80   0   2] | [312  13 180  56   9 130   4   2 107 126  78  54  76   6   7]
Client 17: [70 34 47 17  1  0  6  0  0  0  0  0  0 19  0] | [66 33 46 17  1  0  6  1  0  2  1  0  0 19  2]
Client 18: [ 24   4  41 121  68   0   0  32  42   0   0   0   0   0  44] | [ 25   6  40 115  66   1   1  32  42   2   2   0   0   3  41]
Client 19: [140 141  98  23   1   0  48   0   0   0   0   0   0  37   0] | [132 132  93  21   5   2  51   2   4   2   1   0   3  39   1]
Client 20: [ 70  23  46  90   5   0   0  46 133   0   0   0   0   0  50] | [ 68  22  41  88   8   4   1  43 130   3   2   1   1   3  48]
Client 21: [ 39   3 302  25   0  63   0   0  92  94  51  23  11   0 141] | [ 38   9 286  26   1  64   4   4  90  88  52  25  16   3 138]
Client 22: [  7  87   8 147  69 164  14   0 128  28   0   6  58  45  17] | [ 14  82  10 141  63 158  17   5 124  30   3   9  56  46  20]
Client 23: [371   4 105  13   0  81   0   0  98 138  27   2  69   0  44] | [344  10 105  12   8  77   2   5 101 133  32   7  72   2  42]
Client 24: [ 9 28 16 29 11  0 36  0  0  0  0  0  0 70  0] | [ 8 26 17 25 13  0 36  3  1  1  0  1  1 65  2]
Client 25: [148  40  55 244   3   6   8   0 221   6   1  15  71  58  88] | [144  44  54 231   9   8  14   7 205   9   7  18  69  58  87]
Client 26: [  7 111  11 132  16 218 260   0   1  35  44  77  57 155  33] | [ 14 112  17 127  26 215 240   3   5  36  44  75  58 143  42]
Client 27: [ 30 114  80  26 176   0   0  62   5   0   0   0   0   0  62] | [ 32 106  79  30 163   1   4  58   5   5   1   2   4   5  60]
Client 28: [ 45  93  80 124 105  27  12  26  93  44   9  37  28  57  51] | [ 47  93  71 112 105  29  16  29  90  50  10  43  28  56  52]
Client 29: [249  29 224  29   0  36   0   0 101 136   7  57  86   0   7] | [240  30 207  27   6  36   5   8  97 127  15  60  85   5  13]
Client 30: [193   6 110   4  35   0   0  36  81   0   0   0   0   0  19] | [179   8 104  10  37   2   4  34  77   3   2   2   5   2  15]
Client 31: [110   7  99 220  57 136  43  32  97  71  92 120   1  47   4] | [109  15  94 200  56 140  45  40  97  67  86 116   8  50  13]
Client 32: [202   1  58  10  36   0   0   1  26   0   0   0   0   0  11] | [187   2  55  10  33   0   2   3  24   2   2   5   2   4  14]
Client 33: [36 10 33  6 38  0  0 10 14  0  0  0  0  0 44] | [33 10 30  8 36  0  2 12 14  1  2  0  1  2 40]
Client 34: [246  30  76  28   2   0   0  82  34   0   0   0   0   0  52] | [226  31  72  29   6   7   3  81  30   5   3   1   7   6  43]
Client 35: [23 10 31  3 32  0  1  0  0  0  0  0  0 14  0] | [21  9 31  3 29  0  1  0  2  0  2  1  2 13  0]
Client 36: [19  3 58 34 91  0 75  0  0  0  0  0  0 71  0] | [19  5 53 31 88  1 61  4  4  9  2  2  1 68  3]
Client 37: [ 66  68  86  76  32   0   0 104  57   0   0   0   0   0  35] | [63 64 84 70 33  3  4 92 55  2  5  4  3  6 36]
Client 38: [256  13  68 120   0 101   0   0 370 265 109 128  53   0  76] | [231  25  71 117  11 101   9  12 345 254 107 129  62  10  75]
Client 39: [100  99   2  28  66   0   0   6   6   0   0   0   0   0  22] | [89 92  2 27 62  5  3  6  9  2  2  4  2  3 21]
Client 40: [ 11 134  15 245  20   0  21   0   0   0   0   0   0  64   0] | [ 14 121  21 220  21   4  18   5   4   2  10   3   3  58   6]
Client 41: [187   6  78   9  31   0   0  79 110   0   0   0   0   0  13] | [166   7  72  11  38   4   3  71 100   1   7   6   3   3  21]
Client 42: [ 29  40  46  94  44   0 147   0   0   0   0   0   0   1   0] | [ 30  41  41  90  46   3 127   4   1   2   3   4   4   4   1]
Client 43: [49 20 29 33 15  0  0 33 29  0  0  0  0  0  2] | [42 17 23 31 18  2  4 31 28  2  1  1  4  1  5]
Client 44: [122   8  54  70   0 108   0   0  45 197  48  57 188   0  76] | [116  18  53  68  11 106   8  11  49 176  44  60 167   9  77]
Client 45: [ 59 192 108  18  87   0   0 114   9   0   0   0   0   0  95] | [ 57 168  98  24  84   5  11 108  11   3   4   6   6  13  84]
Client 46: [234  61   5   6  76   0   0   8  23   0   0   0   0   0  16] | [202  62  10   9  67   6   2  11  19   5   3   5   4   5  19]
Client 47: [109  78 284 119  87   0   0 100  84   0   0   0   0   0   4] | [104  80 248 109  81  13  12  90  88   7   9  10   6   0   8]
Client 48: [ 84  96  20   6  95   0   0  23 138   0   0   0   0   0   5] | [ 78  86  22  12  91   4   5  25 113   5   5   3   6   5   7]
Client 49: [ 40  16 160  68   0  61   0   0 133  82  46 176  98   0  66] | [ 40  27 135  74   8  66   7  12 124  74  50 151 100   7  71]
Client 50: [166   6  45  96   0  63   0   0  13 142   4 143   8   0 276] | [158  16  45  93   8  67  10   9  24 120  12 133  14  12 241]
Client 51: [130  29  13 168  22   0   0  24 142   0   0   0   0   0  12] | [119  27  18 147  24   5   9  27 121   6   5   3   6   8  15]
Client 52: [152  33  34  28  31   0  25   0   0   0   0   0   0  37   0] | [129  28  32  29  30   3  25   2   5   2   3   8   3  37   4]
Client 53: [ 52 201  70  48 127   0  35   0   0   0   0   0   0  57   0] | [ 49 179  67  44 116   7  36   5   7   6   3   9   4  52   6]
Client 54: [146  53  20  19   0 191   0   0  69 204  31  71  37   0   9] | [130  58  22  28  10 172  13  13  65 171  38  78  36   4  12]
Client 55: [85 19 39  3 55  0 61  0  0  0  0  0  0 12  0] | [75 16 39  8 48  4 53  2  5  1  2  0  4 12  5]
Client 56: [118   3  38  49  15   0   0   5   3   0   0   0   0   0  15] | [103   8  35  43  16   3   3   4   3   5   1   0   2   2  18]
Client 57: [35  2  1 47 10  0  0 40 13  0  0  0  0  0 75] | [30  3  4 44 12  1  3 36 16  2  5  2  1  4 60]
Client 58: [91 52 62 11 17  0  0 46 45  0  0  0  0  0 22] | [74 50 53 11 16  3  2 47 45  6  6  4  1  4 24]
Client 59: [227  20 148  44   0  68   0   0 123 187   2  27  33   0  85] | [212  26 134  47  11  54  11  15 117 158  10  32  41  14  82]
Client 60: [ 51 110  42   2  19   0   0  99  23   0   0   0   0   0  49] | [45 95 44  7 24  6  5 80 21  4  4  5  5  5 45]
Client 61: [ 14  25  12   8  17   0 128   0   0   0   0   0   0 107   0] | [ 17  22  13  11  22   3 106   3   6   7   2   6   2  87   4]
Client 62: [114  61  23  45 128   0  22   0   0   0   0   0   0  51   0] | [ 96  54  24  44 108   5  28   4   7   5   6   6   6  48   3]
Client 63: [ 11  97  52  55  11  75 121  56  79  87   4  24  24  29  29] | [ 21  97  42  56  20  69 104  55  75  83  10  28  28  32  34]
Client 64: [144   9  89  55   0  31   0   0  19  80  98  66  38   0  42] | [124  13  81  54   7  33  10  12  21  73  83  60  41  14  45]
Client 65: [ 8  4 38 43 20  0 47  0  0  0  0  0  0 92  0] | [11  9 37 41 20  3 45  0  6  2  0  3  1 69  5]
Client 66: [ 70   2  78   6 126   0  41   0   0   0   0   0   0  10   0] | [ 50   5  71  10 110   4  35   6   4   3   3   8   4  14   6]
Client 67: [ 21  47 200 168   0  17   0   0  61  83  72 181  43   0  99] | [ 33  55 169 147  14  23  13  18  54  76  72 156  58  14  90]
Client 68: [ 11 104  12 224  27  59  16  49  85 118 155  69 122  66  69] | [ 27 110  33 189  41  60  28  53  84 106 131  68 116  74  66]
Client 69: [ 31  31   8 233  15  52  64   4  52  17  25  28  36   7  48] | [ 33  36  21 193  21  46  66  17  40  16  23  34  35  20  50]
Client 70: [ 69   5 184  21   2   0  73   0   0   0   0   0   0 119   0] | [ 62   8 150  21  14   5  70   5   8   5   8   5   8  96   8]
Client 71: [115 139  11  93  42   0   0   6   4   0   0   0   0   0  95] | [ 96 117  17  75  44   4   6  13   9   6   9  11   8   4  86]
Client 72: [100  36 232  70   0  52   0   0  22 307  71   8   5   0  40] | [ 94  48 185  60  12  57   7  15  30 250  78  20  24  13  50]
Client 73: [269   8  50 119   0  98   0   0 147 141  26  14  37   0  10] | [231  17  50 106  16  78  12  14 136 116  37  24  45  13  24]
Client 74: [ 28  22   6  91  87 168  68  46 162  51  26  65  32 106  17] | [ 40  31  20  79  81 149  64  47 149  44  38  60  41 103  29]
Client 75: [235  12  28  17  38   0   0 162  44   0   0   0   0   0  30] | [192  20  27  16  41   9  17 131  39   8   9   7   9   9  32]
Client 76: [138  39  85  87  60  14  11 159  53  92   5  26  77  12  50] | [126  52  77  80  64  17  19 125  54  83  21  30  76  24  60]
Client 77: [ 69  14  34 116  21  86   6  56  74  48  56  13   0   0   0] | [ 59  25  37 105  23  85   6  46  68  44  51  22   5  11   6]
Client 78: [100   1 340  52   0  92   0   0  87  64  25  90  28   0  12] | [ 90  17 261  59  19  93  13  17  74  64  33  82  38  11  20]
Client 79: [114  59  62  52  72   0   0  66  31   0   0   0   0   0  17] | [95 48 54 45 67  8  5 60 31  6 10  7  8  7 22]
Client 80: [108  76  36  11   0 263   0   0  91 102   2  21  37   0  94] | [ 89  74  35  23  16 210  16  19  94  87  18  29  45   7  79]
Client 81: [ 19 114  39 119  25  19   3   0  10   9 116  64  59  39  11] | [24 98 42 96 36 28 14 13 16 12 95 54 52 50 16]
Client 82: [31 30  2 76 38  0 21  0  0  0  0  0  0 19  0] | [25 27  5 58 34  4 23  2  4  4  5  2  5 14  5]
Client 83: [ 38  12  28 129  96  44  14  32  57 162  34  49  32  99 139] | [ 47  30  37 110  79  51  24  47  55 133  42  59  49  90 112]
Client 84: [ 8  4 32 83 59  0  0 27  3  0  0  0  0  0 32] | [10  9 36 62 46  5  6 23  6  4  1  1  5  4 30]
Client 85: [ 79 124  62  54 182   0   0 105  82   0   0   0   0   0  14] | [ 74 113  55  41 147  16  17  83  84  11   8  13  10  10  20]
Client 86: [ 79  13 190  48  16   0   0  34  66   0   0   0   0   0  27] | [ 63  16 149  43  25   5  11  32  58   5  10   8   9  11  28]
Client 87: [158  36  30  59  20   0   0  92  66   0   0   0   0   0   0] | [119  35  25  54  29   8   7  76  58   7  10   9   8   7   9]
Client 88: [88 96 26 11 13  0 36  0  0  0  0  0  0 83  0] | [69 78 21 13 20  9 29  9  7  9 10  3  4 67  5]
Client 89: [ 57  38 147  94  15 103  23 103 181  63  16   1  42  64 105] | [ 66  59 122  86  33 103  34  94 140  56  31  20  45  70  93]
Client 90: [ 48  96  48  96   0 144  48  48  48  48  48  48  48  48  48] | [ 52  83  50  83  16 130  51  54  48  53  46  45  52  48  53]
Client 91: [69 58 92 13 76  0  0 51  8  0  0  0  0  0 69] | [48 53 71 19 67  7  7 48 16  7 10  6 11  9 57]
Client 92: [43 22  9 78  5  0 55  0  0  0  0  0  0 22  0] | [35 20 15 60 10  5 44  0  6  6  3  2  3 18  7]
Client 93: [183  21 197  35   0 113   0   0 289  66  25  46 155   0  32] | [165  45 150  59  26 108  16  17 220  63  34  51 132  26  50]
Client 94: [ 35  63 120  25  29   0   0   6   6   0   0   0   0   0  18] | [30 51 86 26 31  7  5  8  9  6  7  7  8  5 16]
Client 95: [ 12  30  86 141  18   0  98   0   0   0   0   0   0  81   0] | [ 12  26  74 108  26   6  79   9   9   8  12   7  11  67  12]
Client 96: [  9  17 125  34   0  54   0   0  26 281  10   3 133   0 141] | [ 19  30  92  46  16  57  21  19  34 212  29  16 122  13 107]
Client 97: [33 26 21 16 31  0 39  0  0  0  0  0  0 91  0] | [30 31 20 14 29  7 30  1  6  4  5  4  6 64  6]
Client 98: [ 19 129   3 201  74  17  17   0  17  96 110  25  34  15  38] | [ 27 111  16 156  64  40  32  16  33  85  94  27  41  18  35]
Client 99: [208  28  56  29  12   0   0  72  23   0   0   0   0   0  47] | [151  29  47  34  14  12   6  59  25   9  11  12  10   8  48]
Client 100: [ 26   1  52 131   4   0   0  47 137   0   0   0   0   0   3] | [ 24   9  41 104  17  11  10  40 100   8   7   9   8   8   5]
Client 101: [ 77   1 127   9   0  60   0   0 304 111  90 136  63   0  52] | [ 82  31 103  30  19  72  20  17 230  94  66 122  62  28  54]
Client 102: [113   6 162  16   0  99   0   0 282  96   8  51  40   0   3] | [ 94  27 123  23  18  91  19  17 213  84  27  58  48  14  20]
Client 103: [ 71  75  45 148   0 336   0   0 183  66 200   5   4   0   5] | [ 79  76  60 122  35 267  15  19 149  65 142  26  20  29  34]
Client 104: [ 31  11 173  13   0  52   0   0 380  17 139  39  63   0 170] | [ 48  37 144  32  33  59  13  28 266  33 115  41  72  26 141]
Client 105: [122   2  10  16   9   0  28   0   0   0   0   0   0   4   0] | [86  3  7 15 13  2 23  4  6  4  6  4  5  7  6]
Client 106: [80 20 26 50 25  0  0  5  7  0  0  0  0  0 45] | [64 21 23 40 22  8  6  7  8  5  6  4  5  8 31]
Client 107: [296  15 156  77   0 101   0   0  82 142  49  25  86   0  63] | [235  41 145  78  28  96  17  25  71 108  49  34  70  29  66]
Client 108: [158  56  53   2  18   0   0  16  75   0   0   0   0   0 147] | [115  45  49  14  21  12  17  20  55  13  12  10  13  12 117]
Client 109: [280  39  95 130   0  90   0   0 144 205  51  83  14   0  44] | [229  65  83 115  39  87  22  19 119 153  52  77  28  26  61]
Client 110: [24 36  4 35 51  0 69  0  0  0  0  0  0 40  0] | [22 37 10 27 41  5 51  4  2  7  6  4  6 30  7]
Client 111: [46 70 53 87 35  0  0 21 35  0  0  0  0  0 18] | [42 54 40 64 36 12  6 25 27 12 10  8  5  8 16]
Client 112: [ 18 142  65  88  82   0  24   0   0   0   0   0   0  63   0] | [ 15 105  54  67  64   8  30  16  11   7  13   8  12  58  14]
Client 113: [16 41 37  9 34  0  0 20 57  0  0  0  0  0 86] | [18 31 32 16 28  8  6 19 44  9  7  9  9  6 58]
Client 114: [125  29  55  33   0  49   0   0 129  24  12 104  11   0  59] | [98 32 54 35 17 50 23 12 99 26 22 77 18 18 49]
Client 115: [ 40  12  11 118   6  70  70  26  18 100  91  46   8   0   5] | [43 24 21 93 23 57 67 32 20 66 82 42 12 22 17]
Client 116: [103  94  92 104 210  28  32   0  39 158  65 131  67   5  54] | [106  99 104 105 169  51  34  23  55 116  64 100  65  28  63]
Client 117: [ 95   0  56  38  50   0  94   0   0   0   0   0   0 104   0] | [63 12 43 33 49  9 72 12 11  8 11 15  9 80 10]
Client 118: [231   6 166  41   0 205   0   0 112 138  13   5  24   0  23] | [183  29 139  49  22 133  22  29  96 101  35  20  46  24  36]
Client 119: [ 95  23  27 163   0 167   0   0  31  77 167 103  55   0 263] | [101  47  55 130  35 141  20  27  53  71 113 108  56  31 183]
Client 120: [53 61 10 76 36  0  0 49 59  0  0  0  0  0  3] | [43 49 11 56 33 10  5 40 49 11 10  8  5  9  8]
Client 121: [ 5 43 32 46 17  0  7  0  0  0  0  0  0 17  0] | [ 7 31 25 28 16  3 10  8  2  7  4  2  7 11  6]
Client 122: [ 50  53 174  60   0  14   0   0 328 272  55  77  37   0  58] | [ 70  75 145  71  41  42  14  24 230 190  55  75  48  32  66]
Client 123: [154  11 112  11   0 273   0   0 115 238  15   9  32   0  70] | [133  40  90  45  28 187  27  19  92 174  27  34  48  27  69]
Client 124: [ 11  56  15   9  27   0   1   0   0   0   0   0   0 128   0] | [13 42 20 13 22  7  5  5  5  8  2  5 11 82  7]
Client 125: [ 44  18  24 158  12 208 104  27 115 287 103  89 100  28  26] | [ 60  49  43 130  39 180  91  42 109 213 103  95  94  44  51]
Client 126: [ 42 167  31  50  46   0   0  20  19   0   0   0   0   0   3] | [ 35 115  22  34  48  15  10  24  23  10   9   8  10   8   7]
Client 127: [ 15  48 107 178  57   0   8   0   0   0   0   0   0  26   0] | [ 14  42  77 116  53   9  13  12  12   7  13  11  14  34  12]
Client 128: [ 56   3  86 112   0 101   0   0 183 195 123 164   7   0  83] | [ 71  36  83  99  36 102  21  32 142 128  95 124  33  34  77]
Client 129: [95 51 46  0 24  0  0 11 38  0  0  0  0  0 12] | [68 33 38  7 20  7  8 15 25  7  6  7  9  9 18]
Client 130: [ 76  17 112 112   0  23   0   0 102 118 146   6  25   0  34] | [ 64  36  76  81  22  42  20  30  79  96 105  23  43  14  40]
Client 131: [240   7  55   7 108   0   0  36  14   0   0   0   0   0  25] | [153  16  39  26  73   9  18  34  21  11  17  13  17  13  32]
Client 132: [124   4   3  43  93   0   0  49  14   0   0   0   0   0  44] | [83 17  9 35 71 15 11 34 22 13  9  7 11  9 28]
Client 133: [ 31  42 136  97   0  39   0   0 103 138  22 228   9   0  14] | [ 46  57  97  82  22  44  29  29  76  98  36 160  34  18  31]
Client 134: [121  82  37  27  14   0   0  70  29   0   0   0   0   0   3] | [78 64 24 26 28 11 13 49 29 10 12  8 12  9 10]